version https://git-lfs.github.com/spec/v1
oid sha256:71e37bbbba9fcf2eee1953324b106bef1c5bc8d4248c2117c306265c0a359d50
size 157505
